DELETE FROM t_agent_product WHERE agent_product_id IN (271,272,
273,
274,
275,
316,
356,
357,
358,
359,
360,
361,
476,
477,
478,
479,
480,
481,
512,
513,
514,
515,
516,
517,
554,
555,
556,
557,
558,
559,
567,
577,
593,
599,
605,
608,
618,
634,
640,
646,
753,
763,
779,
785,
791,
807,
817,
833,
839,
845,
861,
871,
887,
893,
899,
903,
922,
941,
947,
953,
964,
979,
995,
1002,
1003,
1014,
1023,
1049,
1055,
1061,
1077,
1084,
1092,
1105,
1123,
1135,
1138,
1146,
1151,
1163,
1185,
1195,
1211,
1217,
1223,
1239,
1249,
1265,
1272,
1273,
1284,
1293,
1295,
1324,
1337,
1339,
1352,
1365,
1372,
1373,
1375,
1397,
1409,
1420,
1434,
1452,
1465,
1468,
1477,
1490,
1492,
1515,
1535,
1541,
1547,
1563,
1573,
1575,
1596,
1607,
1609,
1618,
1629,
1646,
1647,
1652,
1661,
1671,
1680,
1700,
1717,
1719,
1734,
1744,
1748,
1761,
1767,
1772,
1782,
1785,
1814,
1829,
1831,
1837,
1866,
1869,
1894,
1898,
1911,
1921,
1922,
1937,
1938,
1952,
1953,
1969,
1983,
1988,
2003,
2006,
2025,
2059,
2061,
2074,
2075,
2085,
2096,
2108,
2114,
2122,
2134,
2144,
2152,
2163,
2176,
2184,
2191,
2201,
2233,
2239,
2242,
2261,
2271,
2275,
2289,
2292,
2306,
2321,
2323,
2344,
2372,
2376,
2393,
2395,
2400,
2417,
2431,
2434,
2453,
2465,
2470,
2479,
2486,
2499,
2502,
2513,
2518,
2538,
2553,
2560,
2561,
2569,
2589,
2594,
2599,
2628,
2634,
2637,
2656,
2658,
2685,
2707,
2708,
2710,
2711,
2736,
2749,
2755,
2760,
2801,
2806,
2815,
2819,
2827,
2830,
2837,
2867,
2882,
2892,
2901,
2904,
2916,
2934,
2945,
2951,
2967,
2977,
2993,
2999,
3005,
3021,
3029,
3036,
3048,
3067,
3079,
3081,
3087,
3099,
3105,
3109,
3123,
3152,
3161,
3167,
3183,
3193,
3209,
3215,
3221,
3237,
3247,
3263,
3269,
3275,
3291,
3301,
3317,
3323,
3329,
3345,
3355,
3371,
3377,
3383,
3399,
3409,
3425,
3431,
3437,
3453,
3463,
3479,
3483,
3490,
3502,
3503,
3533,
3539,
3545,
3561,
3571,
3587,
3593,
3599,
3615,
3625,
3641,
3647,
3653,
3668,
3675,
3680,
3696,
3704,
3722,
3732,
3748,
3754,
3760,
3775,
3782,
3787,
3803,
3811,
3829,
3839,
3855,
3861,
3867,
3883,
3893,
3909,
3915,
3921,
3936,
3943,
3948,
3964,
3972,
3990,
4000,
4016,
4022,
4028,
4044,
4054,
4070,
4076,
4082,
4098,
4108,
4124,
4130,
4136,
4240,
4250,
4266,
4272,
4278,
4296,
4299,
4306,
4322,
4330,
4335,
4367,
4379,
4384,
4385,
4398,
4402,
4403,
4417,
4418,
4458,
4470,
4482,
4483,
4496,
4513,
4531,
4540,
4550,
4557,
4565,
4567,
4575,
4583,
4603,
4632,
4642,
4658,
4664,
4670,
4688,
4698,
4714,
4720,
4726,
4744,
4754,
4770,
4776,
4782,
4800,
4810,
4826,
4832,
4838,
4856,
4866,
4882,
4888,
4894,
4912,
4922,
4938,
4944,
4950,
4968,
4978,
4994,
5000,
5006,
5024,
5034,
5050,
5056,
5062,
5079,
5086,
5091,
5107,
5114,
5132,
5139,
5144,
5160,
5167,
5186,
5196,
5212,
5218,
5224,
5242,
5252,
5268,
5274,
5280,
5298,
5308,
5324,
5330,
5336,
5354,
5364,
5380,
5386,
5392,
5410,
5420,
5436,
5442,
5448,
5466,
5476,
5492,
5498,
5504,
5521,
5528,
5533,
5549,
5556,
5575,
5585,
5601,
5607,
5613,
5631,
5641,
5657,
5663,
5669,
5687,
5697,
5713,
5719,
5725,
5743,
5750,
5759,
5769,
5792,
5802,
5803,
5811,
5817,
5819,
5834,
5842,
5874,
5887,
5891,
5904,
5909,
5917,
5926,
5953,
5967,
5971,
5981,
5983,
5993,
6023,
6033,
6049,
6055,
6061,
6068,
6088,
6105,
6111,
6117,
6132,
6145,
6161,
6167,
6173,
6191,
6201,
6217,
6223,
6229,
6247,
6257,
6273,
6279,
6285,
6303,
6313,
6329,
6335,
6341,
6359,
6369,
6385,
6391,
6397,
6415,
6425,
6441,
6447,
6453,
6471,
6481,
6497,
6503,
6509,
6527,
6537,
6553,
6559,
6565,
6583,
6593,
6609,
6615,
6621,
6639,
6649,
6665,
6671,
6677,
6695,
6700,
6713,
6720,
6745,
6752,
6756,
6765,
6769,
6776,
6787,
6815,
6833,
6839,
6845,
6863,
6873,
6889,
6895,
6901,
7007,
7013,
7024,
7033,
7056,
7065,
7068,
7078,
7079,
7090,
7119,
7129,
7145,
7151,
7157,
7174,
7181,
7186,
7201,
7207,
7222,
7229,
7234,
7249,
7255,
8293,
8294,
8295,
8296,
8297,
8298,
8299,
8300,
8301,
8302,
8303,
8304,
8305,
8306,
8307,
8308,
8309,
8310,
8311,
8312,
8313,
8314,
8315,
8316,
8317,
8318,
8319,
8320,
8321,
8322,
8323,
8324,
8325,
8326,
8327,
8328,
8329,
8330,
8331,
8332,
8333,
8334,
8335,
8336,
8337,
8338,
8339,
8340,
8341,
8342,
8343,
8344,
8345,
8346,
8347,
8348,
8349,
8350,
8351,
8352,
8353,
8354,
8355,
8356,
8357,
8358,
8359,
8360,
8361,
8362,
8363,
8364,
8365,
8366,
8367,
8368,
8369,
8370,
8371,
8372,
8373,
8374,
8375,
8376,
8377,
8378,
8379,
8380,
8381,
8382,
8383,
8384,
8385,
8387,
8393,
8405,
8407,
8417,
8437,
8454,
8464,
8471,
8482,
8486,
8490,
8500,
8504,
8523,
8564,
8570,
8574,
8580,
8598,
8600,
8606,
8610,
8636,
8646,
8659,
8664,
8676,
8682,
8684,
8695,
8704,
8721,
8754,
8759,
8772,
8778,
8789,
8797,
8805,
8825,
8836,
8837,
8848,
8849,
8861,
8873,
8904,
8912,
8926,
8933,
8939,
8945,
8954,
8974,
8989,
8998,
9004,
9010,
9035,
9037,
9040,
9046,
9064,
9069,
9077,
9112,
9117,
9126,
9128,
9134,
9145,
9147,
9152,
9162,
9221,
9226,
9230,
9232,
9242,
9258,
9264,
9270,
9295,
9297,
9307,
9323,
9329,
9335,
9360,
9362,
9372,
9388,
9394,
9400,
9426,
9427,
9437,
9453,
9459,
9465,
9598,
9924,
9934,
9950,
9956,
9962,
9987,
10101,
10105,
10110,
10124,
10130,
10135,
10144,
10150,
10160,
10176,
10182,
10188,
10213,
10543,
10547,
10552,
10566,
10572,
10577,
10586,
10592,
10593,
10594,
10595,
10596,
10597,
10598,
10599,
10600,
10601,
10602,
10603,
10604,
10605,
10606,
10607,
10608,
10609,
10610,
10611,
10612,
10613,
10614,
10615,
10616,
10617,
10618,
10619,
10620,
10621,
10622,
10623,
10624,
10625,
10626,
10627,
10628,
10629,
10630,
10631,
10632,
10633,
10634,
10635,
10636,
10637,
10638,
10639,
10640,
10641,
10642,
10643,
10644,
10645,
10646,
10647,
10648,
10649,
10650,
10651,
10652,
10653,
10654,
10655,
10656,
10657,
10658,
10659,
10660,
10661,
10662,
10663,
10664,
10665,
10666,
10667,
10668,
10669,
10670,
10671,
10672,
10673,
10674,
10675,
10676,
10677,
10678,
10679,
10680,
10681,
10682,
10683,
10684,
10685,
10686,
10687,
10688,
10689,
10690,
10691,
10692,
10693,
10694,
10695,
10696,
11216,
11217,
11218,
11219,
11220,
11221,
11222,
11223,
11224,
11225,
11226,
11227,
11228,
11229,
11230,
11231,
11232,
11233,
11234,
11235,
11236,
11237,
11238,
11239,
11240,
11241,
11242,
11243,
11244,
11245,
11246,
11247,
11248,
11249,
11250,
11251,
11252,
11253,
11254,
11255,
11256,
11257,
11258,
11259,
11260,
11261,
11262,
11263,
11264,
11265,
11266,
11267,
11268,
11269,
11270,
11271,
11272,
11273,
11274,
11275,
11276,
11277,
11278,
11279,
11280,
11281,
11282,
11283,
11284,
11285,
11286,
11287,
11288,
11289,
11290,
11291,
11292,
11293,
11294,
11295,
11296,
11297,
11298,
11299,
11300,
11301,
11302,
11303,
11304,
11305,
11306,
11307,
11308,
11309,
11310,
11311,
11312,
11313,
11314,
11315,
11316,
11317,
11318,
11319,
11320,
11321,
11322,
11430,
11431,
11432,
11433,
11434,
11435,
11436,
11437,
11438,
11439,
11440,
11441,
11442,
11443,
11444,
11445,
11446,
11447,
11448,
11449,
11450,
11451,
11452,
11453,
11454,
11455,
11456,
11457,
11458,
11459,
11460,
11461,
11462,
11463,
11464,
11465,
11466,
11467,
11468,
11469,
11470,
11471,
11472,
11473,
11474,
11475,
11476,
11477,
11478,
11479,
11480,
11481,
11482,
11483,
11484,
11485,
11486,
11487,
11488,
11489,
11490,
11491,
11492,
11493,
11494,
11495,
11496,
11497,
11498,
11499,
11500,
11501,
11502,
11503,
11504,
11505,
11506,
11507,
11508,
11509,
11510,
11511,
11512,
11513,
11514,
11515,
11516,
11517,
11518,
11519,
11520,
11521,
11522,
11523,
11524,
11525,
11526,
11527,
11528,
11529,
11530,
11531,
11532,
11533,
11534,
11535,
11536,
11537,
11538,
11539,
11540,
11541,
11542,
11543,
11544,
11545,
11546,
11547,
11548,
11549,
11550,
11551,
11552,
11553,
11554,
11555,
11556,
11557,
11558,
11559,
11560,
11561,
11562,
11563,
11564,
11565,
11566,
11567,
11568,
11569,
11570,
11571,
11572,
11573,
11574,
11575,
11576,
11577,
11578,
11579,
11580,
11581,
11582,
11583,
11584,
11585,
11586,
11587,
11588,
11589,
11590,
11591,
11592,
11593,
11594,
11595,
11596,
11597,
11598,
11599,
11600,
11601,
11602,
11603,
11604,
11605,
11606,
11607,
11608,
11609,
11610,
11611,
11612,
11613,
11614,
11615,
11616,
11617,
11618,
11619,
11620,
11621,
11622,
11623,
11624,
11625,
11626,
11627,
11628,
11629,
11630,
11631,
11632,
11633,
11634,
11635,
11636,
11637,
11638,
11639,
11640,
11641,
11642,
11643,
11751,
11752,
11753,
11754,
11755,
11756,
11757,
11758,
11759,
11760,
11761,
11762,
11763,
11764,
11765,
11766,
11767,
11768,
11769,
11770,
11771,
11772,
11773,
11774,
11775,
11776,
11777,
11778,
11779,
11780,
11781,
11782,
11783,
11784,
11785,
11786,
11787,
11788,
11789,
11790,
11791,
11792,
11793,
11794,
11795,
11796,
11797,
11798,
11799,
11800,
11801,
11802,
11803,
11804,
11805,
11806,
11807,
11808,
11809,
11810,
11811,
11812,
11813,
11814,
11815,
11816,
11817,
11818,
11819,
11820,
11821,
11822,
11823,
11824,
11825,
11826,
11827,
11828,
11829,
11830,
11831,
11832,
11833,
11834,
11835,
11836,
11837,
11838,
11839,
11840,
11841,
11842,
11843,
11844,
11845,
11846,
11847,
11848,
11849,
11850,
11851,
11852,
11853,
11854,
11855,
11856,
11857,
11858,
11859,
11860,
11861,
11862,
11863,
11864,
11865,
11866,
11867,
11868,
11869,
11870,
11871,
11872,
11873,
11874,
11875,
11876,
11877,
11878,
11879,
11880,
11881,
11882,
11883,
11884,
11885,
11886,
11887,
11888,
11889,
11890,
11891,
11892,
11893,
11894,
11895,
11896,
11897,
11898,
11899,
11900,
11901,
11902,
11903,
11904,
11905,
11906,
11907,
11908,
11909,
11910,
11911,
11912,
11913,
11914,
11915,
11916,
11917,
11918,
11919,
11920,
11921,
11922,
11923,
11924,
11925,
11926,
11927,
11928,
11929,
11930,
11931,
11932,
11933,
11934,
11935,
11936,
11937,
11938,
11939,
11940,
11941,
11942,
11943,
11944,
11945,
11946,
11947,
11948,
11949,
11950,
11951,
11952,
11953,
11954,
11955,
11956,
11957,
11958,
11959,
11960,
11961,
11962,
11963,
11964,
11965,
11966,
11967,
11968,
11969,
11970,
11971,
11972,
11973,
11974,
11975,
11976,
11977,
11978,
11979,
11980,
11981,
11982,
11983,
11984,
11985,
11986,
11987,
11988,
11989,
11990,
11991,
11992,
11993,
11994,
11995,
11996,
11997,
11998,
11999,
12000,
12001,
12002,
12003,
12004,
12005,
12006,
12007,
12008,
12009,
12010,
12011,
12012,
12013,
12014,
12015,
12016,
12017,
12018,
12019,
12020,
12021,
12022,
12023,
12024,
12025,
12026,
12027,
12028,
12029,
12030,
12031,
12032,
12033,
12034,
12035,
12036,
12037,
12038,
12039,
12040,
12041,
12042,
12043,
12044,
12045,
12046,
12047,
12048,
12049,
12050,
12051,
12052,
12053,
12054,
12055,
12056,
12057,
12058,
12059,
12060,
12061,
12062,
12063,
12064,
12065,
12066,
12067,
12068,
12069,
12070,
12071,
12072,
12073,
12074,
12075,
12076,
12077,
12078,
12079,
12080,
12081,
12082,
12083,
12084,
12085,
12086,
12087,
12088,
12089,
12090,
12091,
12092,
12093,
12094,
12095,
12096,
12097,
12098,
12099,
12100,
12101,
12102,
12103,
12104,
12105,
12106,
12107,
12108,
12109,
12110,
12111,
12112,
12113,
12114,
12115,
12116,
12117,
12118,
12119,
12120,
12121,
12122,
12123,
12124,
12125,
12126,
12127,
12128,
12129,
12130,
12131,
12132,
12133,
12134,
12135,
12136,
12137,
12138,
12139,
12140,
12141,
12142,
12143,
12144,
12145,
12146,
12147,
12148,
12149,
12150,
12151,
12152,
12153,
12154,
12155,
12156,
12157,
12158,
12159,
12160,
12161,
12162,
12163,
12164,
12165,
12166,
12167,
12168,
12169,
12170,
12171,
12172,
12173,
12174,
12175,
12176,
12177,
12178,
12179,
12180,
12181,
12182,
12183,
12184,
12185,
12186,
12187,
12188,
12189,
12190,
12191,
12192,
12193,
12194,
12195,
12196,
12197,
12198,
12199,
12200,
12201,
12202,
12203,
12204,
12205,
12206,
12207,
12208,
12209,
12210,
12211,
12212,
12213,
12214,
12215,
12216,
12217,
12218,
12219,
12220,
12221,
12222,
12223,
12224,
12225,
12226,
12227,
12228,
12229,
12230,
12231,
12232,
12233,
12234,
12235,
12236,
12237,
12238,
12239,
12240,
12241,
12242,
12243,
12244,
12245,
12246,
12247,
12248,
12249,
12250,
12251,
12252,
12253,
12254,
12255,
12256,
12257,
12258,
12259,
12260,
12261,
12262,
12263,
12264,
12265,
12266,
12267,
12268,
12269,
12270,
12271,
12272,
12273,
12274,
12275,
12276,
12277,
12278,
12279,
12280,
12281,
12282,
12283,
12284,
12285,
12286,
12287,
12288,
12289,
12290,
12291,
12292,
12293,
12294,
12295,
12296,
12297,
12298,
12299,
12300,
12301,
12302,
12303,
12304,
12305,
12306,
12307,
12308,
12309,
12310,
12311,
12312,
12313,
12314,
12315,
12316,
12317,
12318,
12319,
12320,
12321,
12322,
12323,
12324,
12325,
12326,
12327,
12328,
12329,
12330,
12331,
12332,
12333,
12334,
12335,
12336,
12337,
12338,
12339,
12340,
12341,
12342,
12343,
12344,
12345,
12346,
12347,
12348,
12349,
12350,
12351,
12352,
12353,
12354,
12355,
12356,
12357,
12358,
12359,
12360,
12361,
12362,
12363,
12364,
12365,
12366,
12367,
12368,
12369,
12370,
12371,
12372,
12373,
12374,
12375,
12376,
12377,
12378,
12379,
12380,
12381,
12382,
12383,
12384,
12385,
12386,
12387,
12388,
12389,
12390,
12391,
12392,
12393,
12394,
12395,
12396,
12397,
12398,
12399,
12400,
12401,
12402,
12403,
12404,
12405,
12406,
12407,
12408,
12409,
12410,
12411,
12412,
12413,
12414,
12415,
12416,
12417,
12418,
12419,
12420,
12421,
12422,
12423,
12424,
12425,
12426,
12427,
12428,
12429,
12430,
12431,
12432,
12433,
12434,
12435,
12436,
12437,
12438,
12439,
12440,
12441,
12442,
12443,
12444,
12445,
12446,
12447,
12448,
12449,
12450,
12451,
12452,
12453,
12454,
12455,
12456,
12457,
12458,
12459,
12460,
12461,
12462,
12463,
12464,
12465,
12466,
12467,
12468,
12469,
12470,
12471,
12472,
12473,
12474,
12475,
12476,
12477,
12478,
12479,
12480,
12481,
12482,
12483,
12484,
12485,
12486,
12487,
12488,
12489,
12490,
12491,
12492,
12493,
12494,
12495,
12496,
12497,
12498,
12499,
12500,
12501,
12502,
12503,
12504,
12505,
12506,
12507,
12508,
12509,
12510,
12511,
12512,
12513,
12514,
12515,
12516,
12517,
12518,
12519,
12520,
12521,
12522,
12523,
12524,
12525,
12526,
12527,
12528,
12529,
12530,
12531,
12532,
12533,
12534,
12535,
12536,
12537,
12538,
12539,
12540,
12541,
12542,
12543,
12544,
12545,
12546,
12547,
12548,
12549,
12550,
12551,
12552,
12553,
12554,
12555,
12556,
12557,
12558,
12559,
12560,
12561,
12562,
12563,
12564,
12565,
12566,
12567,
12568,
12569,
12570,
12571,
12572,
12573,
12574,
12575,
12576,
12577,
12578,
12579,
12580,
12581,
12582,
12583,
12584,
12585,
12586,
12587,
12588,
12589,
12590,
12591,
12592,
12593,
12594,
12595,
12596,
12597,
12598,
12599,
12600,
12601,
12602,
12603,
12604,
12605,
12606,
12607,
12608,
12609,
12610,
12611,
12612,
12613,
12614,
12615,
12616,
12617,
12618,
12619,
12620,
12621,
12622,
12623,
12624,
12625,
12626,
12627,
12628,
12629,
12630,
12631,
12632,
12633,
12634,
12635,
12636,
12637,
12638,
12639,
12640,
12641,
12642,
12643,
12644,
12645,
12646,
12647,
12648,
12649,
12650,
12651,
12652,
12653,
12654,
12655,
12656,
12657,
12658,
12659,
12660,
12661,
12662,
12663,
12664,
12665,
12666,
12667,
12668,
12669,
12670,
12671,
12672,
12673,
12674,
12675,
12676,
12677,
12678,
12679,
12680,
12681,
12682,
12683,
12684,
12685,
12686,
12687,
12688,
12689,
12690,
12691,
12692,
12693,
12694,
12695,
12696,
12697,
12698,
12699,
12700,
12701,
12702,
12703,
12704,
12705,
12706,
12707,
12708,
12709,
12710,
12711,
12712,
12713,
12714,
12715,
12716,
12717,
12718,
12719,
12720,
12721,
12722,
12723,
12724,
12725,
12726,
12727,
12728,
12729,
12730,
12731,
12732,
12733,
12734,
12735,
12736,
12737,
12738,
12739,
12740,
12741,
12742,
12743,
12744,
12745,
12746,
12747,
12748,
12749,
12750,
12751,
12752,
12753,
12754,
12755,
12756,
12757,
12758,
12759,
12760,
12761,
12762,
12763,
12764,
12765,
12766,
12767,
12768,
12769,
12770,
12771,
12772,
12773,
12774,
12775,
12776,
12777,
12778,
12779,
12780,
12781,
12782,
12783,
12784,
12785,
12786,
12787,
12788,
12789,
12790,
12791,
12792,
12793,
12794,
12795,
12796,
12797,
12798,
12799,
12800,
12801,
12802,
12803,
12804,
12805,
12806,
12807,
12808,
12809,
12810,
12811,
12812,
12813,
12814,
12815,
12816,
12817,
12818,
12819,
12820,
12821,
12822,
12823,
12824,
12825,
12826,
12827,
12828,
12829,
12830,
12831,
12832,
12833,
12834,
12835,
12836,
12837,
12838,
12839,
12840,
12841,
12842,
12843,
12844,
12845,
12846,
12847,
12848,
12849,
12850,
12851,
12852,
12853,
12854,
12855,
12856,
12857,
12858,
12859,
12860,
12861,
12862,
12863,
12864,
12865,
12866,
12867,
12868,
12869,
12870,
12871,
12872,
12873,
12874,
12875,
12876,
12877,
12878,
12879,
12880,
12881,
12882,
12883,
12884,
12885,
12886,
12887,
12888,
12889,
12890,
12891,
12892,
12893,
12894,
12895,
12896,
12897,
12898,
12899,
12900,
12901,
12902,
12903,
12904,
12905,
12906,
12907,
12908,
12909,
12910,
12911,
12912,
12913,
12914,
12915,
12916,
12917,
12918,
12919,
12920,
12921,
12922,
12923,
12924,
12925,
12926,
12927,
12928,
12929,
12930,
12931,
12932,
12933,
12934,
12935,
12936,
12937,
12938,
12939,
12940,
12941,
12942,
12943,
12944,
12945,
12946,
12947,
12948,
12949,
12950,
12951,
12952,
12953,
12954,
12955,
12956,
12957,
12958,
12959,
12960,
12961,
12962,
12963,
12964,
12965,
12966,
12967,
12968,
12969,
12970,
12971,
12972,
12973,
12974,
12975,
12976,
12977,
12978,
12979,
12980,
12981,
12982,
12983,
12984,
12985,
12986,
12987,
12988,
12989,
12990,
12991,
12992,
12993,
12994,
12995,
12996,
12997,
12998,
12999,
13000,
13001,
13002,
13003,
13004,
13005,
13006,
13007,
13008,
13009,
13010,
13011,
13012,
13013,
13014,
13015,
13016,
13017,
13018,
13019,
13020,
13021,
13022,
13023,
13024,
13025,
13026,
13027,
13028,
13029,
13030,
13031,
13032,
13033,
13034,
13035,
13036,
13037,
13038,
13039,
13040,
13041,
13042,
13043,
13044,
13045,
13046,
13047,
13048,
13049,
13050,
13051,
13052,
13053,
13054,
13055,
13056,
13057,
13058,
13059,
13060,
13061,
13062,
13063,
13064,
13065,
13066,
13067,
13068,
13069,
13070,
13071,
13072,
13073,
13074,
13075,
13076,
13077,
13078,
13079,
13080,
13081,
13082,
13083,
13084,
13085,
13086,
13087,
13088,
13089,
13090,
13091,
13092,
13093,
13094,
13095,
13096,
13097,
13098,
13099,
13100,
13101,
13102,
13103,
13104,
13105,
13106,
13107,
13108,
13109,
13110,
13111,
13112,
13113,
13114,
13115,
13116,
13117,
13118,
13119,
13120,
13121,
13122,
13123,
13124,
13125,
13126,
13127,
13128,
13129,
13130,
13131,
13132,
13133,
13134,
13135,
13136,
13137,
13138,
13139,
13140,
13141,
13142,
13143,
13144,
13145,
13146,
13147,
13148,
13149,
13150,
13151,
13152,
13153,
13154,
13155,
13156,
13157,
13158,
13159,
13160,
13161,
13162,
13163,
13164,
13165,
13166,
13167,
13168,
13169,
13170,
13171,
13172,
13173,
13174,
13175,
13176,
13177,
13178,
13179,
13180,
13181,
13182,
13183,
13184,
13185,
13186,
13187,
13188,
13189,
13190,
13191,
13192,
13193,
13194,
13195,
13196,
13197,
13198,
13199,
13200,
13201,
13202,
13203,
13204,
13205,
13206,
13207,
13208,
13209,
13210,
13211,
13212,
13213,
13214,
13215,
13216,
13217,
13218,
13219,
13220,
13221,
13222,
13223,
13224,
13225,
13226,
13227,
13228,
13229,
13230,
13231,
13232,
13233,
13234,
13235,
13236,
13237,
13238,
13239,
13240,
13241,
13242,
13243,
13244,
13245,
13246,
13247,
13248,
13249,
13250,
13251,
13252,
13253,
13254,
13255,
13256,
13257,
13258,
13259,
13260,
13261,
13262,
13263,
13264,
13265,
13266,
13267,
13268,
13269,
13270,
13271,
13272,
13273,
13274,
13275,
13276,
13277,
13278,
13279,
13280,
13281,
13282,
13283,
13284,
13285,
13286,
13287,
13288,
13289,
13290,
13291,
13292,
13293,
13294,
13295,
13296,
13297,
13298,
13299,
13300,
13301,
13302,
13303,
13304,
13305,
13306,
13307,
13308,
13309,
13310,
13311,
13312,
13313,
13314,
13315,
13316,
13317,
13318,
13319,
13320,
13321,
13322,
13323,
13324,
13325,
13326,
13327,
13328,
13329,
13330,
13331,
13332,
13333,
13334,
13335,
13336,
13337,
13338,
13339,
13340,
13341,
13342,
13343,
13344,
13345,
13346,
13347,
13348,
13349,
13350,
13351,
13352,
13353,
13354,
13355,
13356,
13357,
13358,
13359,
13360,
13361,
13362,
13363,
13364,
13365,
13366,
13367,
13368,
13369,
13370,
13371,
13372,
13373,
13374,
13375,
13376,
13377,
13378,
13379,
13380,
13381,
13382,
13383,
13384,
13385,
13386,
13387,
13388,
13389,
13390,
13391,
13392,
13393,
13394,
13395,
13396,
13397,
13398,
13399,
13400,
13401,
13402,
13403,
13404,
13405,
13406,
13407,
13408,
13409,
13410,
13411,
13412,
13413,
13414,
13415,
13416,
13417,
13418,
13419,
13420,
13421,
13422,
13423,
13424,
13425,
13426,
13427,
13428,
13429,
13430,
13431,
13432,
13433,
13434,
13435,
13436,
13437,
13438,
13439,
13440,
13441,
13442,
13443,
13444,
13445,
13446,
13447,
13448,
13449,
13450,
13451,
13452,
13453,
13454,
13455,
13456,
13457,
13458,
13459,
13460,
13461,
13462,
13463,
13464,
13465,
13466,
13467,
13468,
13469,
13470,
13471,
13472,
13473,
13474,
13475,
13476,
13477,
13478,
13479,
13480,
13481,
13482,
13483,
13484,
13485,
13486,
13487,
13488,
13489,
13490,
13491,
13492,
13493,
13494,
13495,
13496,
13497,
13498,
13499,
13500,
13501,
13502,
13503,
13504,
13505,
13506,
13507,
13508,
13509,
13510,
13511,
13512,
13513,
13514,
13515,
13516,
13517,
13518,
13519,
13520,
13521,
13522,
13523,
13524,
13525,
13526,
13527,
13528,
13529,
13530,
13531,
13532,
13533,
13534,
13535,
13536,
13537,
13538,
13539,
13540,
13541,
13542,
13543,
13544,
13545,
13546,
13547,
13548,
13549,
13550,
13551,
13552,
13553,
13554,
13555,
13556,
13557,
13558,
13559,
13560,
13561,
13562,
13563,
13564,
13565,
13566,
13567,
13568,
13569,
13570,
13571,
13572,
13573,
13574,
13575,
13576,
13577,
13578,
13579,
13580,
13581,
13582,
13583,
13584,
13585,
13586,
13587,
13588,
13589,
13590,
13591,
13592,
13593,
13594,
13595,
13596,
13597,
13598,
13599,
13600,
13601,
13602,
13603,
13604,
13605,
13606,
13607,
13608,
13609,
13610,
13611,
13612,
13613,
13614,
13615,
13616,
13617,
13618,
13619,
13620,
13621,
13622,
13623,
13624,
13625,
13626,
13627,
13628,
13629,
13630,
13631,
13632,
13633,
13634,
13635,
13636,
13637,
13638,
13639,
13640,
13641,
13642,
13643,
13644,
13645,
13646,
13647,
13648,
13649,
13650,
13651,
13652,
13653,
13654,
13655,
13656,
13657,
13658,
13659,
13660,
13661,
13662,
13663,
13664,
13665,
13666,
13667,
13668,
13669,
13670,
13671,
13672,
13673,
13674,
13675,
13676,
13677,
13678,
13679,
13680,
13681,
13682,
13683,
13684,
13685,
13686,
13687,
13688,
13689,
13690,
13691,
13692,
13693,
13694,
13695,
13696,
13697,
13698,
13699,
13700,
13701,
13702,
13703,
13704,
13705,
13706,
13707,
13708,
13709,
13710,
13711,
13712,
13713,
13714,
13715,
13716,
13717,
13718,
13719,
13720,
13721,
13722,
13723,
13724,
13725,
13726,
13727,
13728,
13729,
13730,
13731,
13732,
13733,
13734,
13735,
13736,
13737,
13738,
13739,
13740,
13741,
13742,
13743,
13744,
13745,
13746,
13747,
13748,
13749,
13750,
13751,
13752,
13753,
13754,
13755,
13756,
13757,
13758,
13759,
13760,
13761,
13762,
13763,
13764,
13765,
13766,
13767,
13768,
13769,
13770,
13771,
13772,
13773,
13774,
13775,
13776,
13777,
13778,
13779,
13780,
13781,
13782,
13783,
13784,
13785,
13786,
13787,
13788,
13789,
13790,
13791,
13792,
13793,
13794,
13795,
13796,
13797,
13798,
13799,
13800,
13801,
13802,
13803,
13804,
13805,
13806,
13807,
13808,
13809,
13810,
13811,
13812,
13813,
13814,
13815,
13816,
13817,
13818,
13819,
13820,
13821,
13822,
13823,
13824,
13825,
13826,
13827,
13828,
13829,
13830,
13831,
13832,
13833,
13834,
13835,
13836,
13837,
13838,
13839,
13840,
13841,
13842,
13843,
13844,
13845,
13846,
13847,
13848,
13849,
13850,
13851,
13852,
13853,
13854,
13855,
13856,
13857,
13858,
13859,
13860,
13861,
13862,
13863,
13864,
13865,
13866,
13867,
13868,
13869,
13870,
13871,
13872,
13873,
13874,
13875,
13876,
13877,
13878,
13879,
13880,
13881,
13882,
13883,
13884,
13885,
13886,
13887,
13888,
13889,
13890,
13891,
13892,
13893,
13894,
13895,
13896,
13897,
13898,
13899,
13900,
13901,
13902,
13903,
13904,
13905,
13906,
13907,
13908,
13909,
13910,
13911,
13912,
13913,
13914,
13915,
13916,
13917,
13918,
13919,
13920,
13921,
13922,
13923,
13924,
13925,
13926,
13927,
13928,
13929,
13930,
13931,
13932,
13933,
13934,
13935,
13936,
13937,
13938,
13939,
13940,
13941,
13942,
13943,
13944,
13945,
13946,
13947,
13948,
13949,
13950,
13951,
13952,
13953,
13954,
13955,
13956,
13957,
13958,
13959,
13960,
13961,
13962,
13963,
13964,
13965,
13966,
13967,
13968,
13969,
13970,
13971,
13972,
13973,
13974,
13975,
13976,
13977,
13978,
13979,
13980,
13981,
13982,
13983,
13984,
13985,
13986,
13987,
13988,
13989,
13990,
13991,
13992,
13993,
13994,
13995,
13996,
13997,
13999,
14007,
14021,
14026,
14029,
14037,
14043,
14047,
14049,
14050,
14052,
14053,
14054,
14055,
14056,
14057,
14058,
14059,
14060,
14061,
14062,
14063,
14064,
14065,
14066,
14067,
14068,
14069,
14070,
14071,
14072,
14074,
14082,
14096,
14101,
14104,
14112,
14118,
14122,
14124,
14125,
14127,
14128,
14129,
14130,
14131,
14132,
14133,
14134,
14135,
14136,
14137,
14138,
14139,
14140,
14141,
14142,
14143,
14144,
14145,
14146,
14147,
14149,
14157,
14171,
14176,
14179,
14187,
14193,
14197,
14199,
14200,
14202,
14203,
14204,
14205,
14206,
14207,
14208,
14209,
14210,
14211,
14212,
14213,
14214,
14215,
14216,
14217,
14218,
14219,
14220,
14221,
14222,
14224,
14232,
14246,
14251,
14254,
14262,
14268,
14272,
14274,
14275,
14277,
14278,
14279,
14280,
14281,
14282,
14283,
14284,
14285,
14286,
14287,
14288,
14289,
14290,
14291,
14292,
14293,
14294,
14295,
14296,
14297,
14299,
14307,
14321,
14326,
14329,
14337,
14343,
14347,
14349,
14350,
14352,
14353,
14354,
14355,
14356,
14357,
14358,
14359,
14360,
14361,
14362,
14363,
14364,
14365,
14366,
14367,
14368,
14369,
14370,
14371,
14372,
14374,
14382,
14396,
14401,
14404,
14412,
14418,
14422,
14424,
14425,
14427,
14428,
14429,
14430,
14431,
14432,
14433,
14434,
14435,
14436,
14437,
14438,
14439,
14440,
14441,
14442,
14443,
14444,
14445,
14446,
14447,
14448,
14456,
14479,
14488,
14495,
14496,
14498,
14499,
14500,
14501,
14502,
14503,
14504,
14505,
14506,
14507,
14508,
14509,
14510,
14511,
14512,
14513,
14514,
14515,
14516,
14517,
14525,
14548,
14557,
14564,
14565,
14567,
14568,
14569,
14570,
14571,
14572,
14573,
14574,
14575,
14576,
14577,
14578,
14579,
14580,
14581,
14582,
14583,
14584,
14585,
14586,
14594,
14617,
14626,
14633,
14634,
14636,
14637,
14638,
14639,
14640,
14641,
14642,
14643,
14644,
14645,
14646,
14647,
14648,
14649,
14650,
14651,
14652,
14653,
14654,
14656,
14664,
14678,
14683,
14686,
14694,
14700,
14704,
14706,
14707,
14709,
14710,
14711,
14712,
14713,
14714,
14715,
14716,
14717,
14718,
14719,
14720,
14721,
14722,
14723,
14724,
14725,
14726,
14727,
14728,
14729,
14730,
14738,
14761,
14770,
14777,
14778,
14780,
14781,
14782,
14783,
14784,
14785,
14786,
14787,
14788,
14789,
14790,
14791,
14792,
14793,
14794,
14795,
14796,
14797,
14798,
14799,
14807,
14830,
14839,
14846,
14847,
14849,
14850,
14851,
14852,
14853,
14854,
14855,
14856,
14857,
14858,
14859,
14860,
14861,
14862,
14863,
14864,
14865,
14866,
14867,
14868,
14876,
14899,
14908,
14915,
14916,
14918,
14919,
14920,
14921,
14922,
14923,
14924,
14925,
14926,
14927,
14928,
14929,
14930,
14931,
14932,
14933,
14934,
14935,
14936,
14938,
14946,
14960,
14965,
14968,
14973,
14982,
14989,
14994,
15002,
15006,
15008,
15012,
15014,
15016,
15017,
15018,
15020,
15022,
15024,
15026,
15027,
15028,
15030,
15032,
15033,
15034,
15036,
15038,
15039,
15041,
15043,
15046,
15048,
15049,
15050,
15052,
15057,
15061,
15063,
15064,
15066,
15067,
15068,
15069,
15070,
15071,
15072,
15073,
15074,
15075,
15076,
15077,
15078,
15079,
15080,
15081,
15082,
15083,
15084,
15085,
15086,
15088,
15096,
15110,
15115,
15118,
15126,
15132,
15136,
15138,
15139,
15141,
15142,
15143,
15144,
15145,
15146,
15147,
15148,
15149,
15150,
15151,
15152,
15153,
15154,
15155,
15156,
15157,
15158,
15159,
15160,
15161,
15163,
15171,
15185,
15190,
15193,
15201,
15207,
15211,
15213,
15214,
15216,
15217,
15218,
15219,
15220,
15221,
15222,
15223,
15224,
15225,
15226,
15227,
15228,
15229,
15230,
15231,
15232,
15233,
15234,
15235,
15236,
15238,
15246,
15260,
15265,
15268,
15276,
15282,
15286,
15288,
15289,
15291,
15292,
15293,
15294,
15295,
15296,
15297,
15298,
15299,
15300,
15301,
15302,
15303,
15304,
15305,
15306,
15307,
15308,
15309,
15310,
15311,
15313,
15321,
15325,
15341,
15348,
15354,
15362,
15371,
15378,
15380,
15393,
15394,
15403,
15411,
15422,
15423,
15427,
15429,
15432,
15437,
15438,
15441,
15444,
15445,
15446,
15448,
15450,
15453,
15456,
15458,
15460,
15462,
15464,
15465,
15467,
15468,
15469,
15472,
15473,
15475,
15476,
15478,
15479,
15481,
15482,
15484,
15485,
15486,
15487,
15489,
15490,
15492,
15493,
15494,
15496,
15497,
15498,
15499,
15501,
15502,
15503,
15505,
15506,
15507,
15509,
15511,
15512,
15514,
15515,
15517,
15518,
15519,
15521,
15522,
15524,
15525,
15526,
15528,
15529,
15531,
15532,
15533,
15534,
15536,
15538,
15539,
15541,
15543,
15545,
15547,
15549,
15551,
15552,
15554,
15556,
15560,
15565,
15568,
15576,
15582,
15586,
15588,
15589,
15591,
15592,
15593,
15594,
15595,
15596,
15597,
15598,
15599,
15600,
15601,
15602,
15603,
15604,
15605,
15606,
15607,
15608,
15609,
15610,
15611,
15613,
15621,
15635,
15640,
15643,
15651,
15657,
15661,
15663,
15664,
15666,
15667,
15668,
15669,
15670,
15671,
15672,
15673,
15674,
15675,
15676,
15677,
15678,
15679,
15680,
15681,
15682,
15683,
15684,
15685,
15686,
15688,
15696,
15710,
15715,
15718,
15726,
15732,
15736,
15738,
15739,
15741,
15742,
15743,
15744,
15745,
15746,
15747,
15748,
15749,
15750,
15751,
15752,
15753,
15754,
15755,
15756,
15757,
15758,
15759,
15760,
15761,
15763,
15771,
15785,
15790,
15793,
15801,
15807,
15811,
15813,
15814,
15816,
15817,
15818,
15819,
15820,
15821,
15822,
15823,
15824,
15825,
15826,
15827,
15828,
15829,
15830,
15831,
15832,
15833,
15834,
15835,
15836,
15838,
15846,
15860,
15865,
15868,
15876,
15882,
15886,
15888,
15889,
15891,
15892,
15893,
15894,
15895,
15896,
15897,
15898,
15899,
15900,
15901,
15902,
15903,
15904,
15905,
15906,
15907,
15908,
15909,
15910,
15911,
15916,
15922,
15936,
15941,
15944,
15952,
15958,
15961,
15963,
15964,
15966,
15967,
15968,
15969,
15970,
15971,
15972,
15973,
15974,
15975,
15976,
15977,
15978,
15979,
15980,
15981,
15982,
15983,
15984,
15985,
15986,
15988,
15996,
16010,
16015,
16018,
16026,
16032,
16036,
16038,
16039,
16041,
16042,
16043,
16044,
16045,
16046,
16047,
16048,
16049,
16050,
16051,
16052,
16053,
16054,
16055,
16056,
16057,
16058,
16059,
16060,
16061,
16063,
16071,
16085,
16090,
16093,
16101,
16107,
16111,
16113,
16114,
16116,
16117,
16118,
16119,
16120,
16121,
16122,
16123,
16124,
16125,
16126,
16127,
16128,
16129,
16130,
16131,
16132,
16133,
16134,
16135,
16136,
16137,
16138,
16139,
16140,
16141,
16142,
16143,
16144,
16145,
16146,
16147,
16148,
16149,
16150,
16151,
16152,
16154,
16155,
16157,
16158,
16159,
16161,
16162,
16164,
16165,
16167,
16168,
16170,
16171,
16173,
16174,
16176,
16177,
16179,
16180,
16182,
16183,
16185,
16186,
16188,
16189,
16191,
16192,
16194,
16195,
16197,
16198,
16200,
16201,
16203,
16204,
16206,
16207,
16209,
16210,
16212,
16213,
16215,
16216,
16218,
16219,
16221,
16222,
16224,
16225,
16227,
16228,
16230,
16231,
16233,
16234,
16236,
16238,
16239,
16240,
16242,
16243,
16245,
16246,
16248,
16249,
16251,
16252,
16254,
16255,
16257,
16258,
16259,
16261,
16262,
16264,
16265,
16267,
16268,
16270,
16271,
16273,
16274,
16276,
16277,
16279,
16280,
16282,
16283,
16284,
16286,
16287,
16289,
16290,
16292,
16293,
16295,
16296,
16298,
16299,
16301,
16302,
16304,
16305,
16307,
16308,
16310,
16311,
16313,
16314,
16316,
16317,
16319,
16320,
16322,
16323,
16325,
16326,
16328,
16329,
16331,
16332,
16334,
16335,
16337,
16338,
16340,
16341,
16343,
16344,
16346,
16347,
16349,
16350,
16352,
16353,
16355,
16357,
16358,
16360,
16361,
16362,
16364,
16365,
16366,
16368,
16370,
16371,
16373,
16374,
16376,
16377,
16379,
16380,
16382,
16383,
16385,
16386,
16388,
16389,
16391,
16392,
16394,
16395,
16397,
16398,
16401,
16402,
16404,
16405,
16407,
16408,
16410,
16411,
16413,
16414,
16416,
16417,
16419,
16420,
16422,
16423,
16425,
16426,
16428,
16429,
16431,
16432,
16434,
16435,
16437,
16438,
16440,
16441,
16443,
16444,
16446,
16447,
16449,
16450,
16452,
16453,
16455,
16456,
16458,
16459,
16461,
16462,
16464,
16465,
16467,
16468,
16470,
16471,
16473,
16474,
16476,
16477,
16479,
16480,
16482,
16483,
16485,
16486,
16488,
16489,
16491,
16492,
16494,
16495,
16497,
16498,
16500,
16501,
16503,
16504,
16506,
16507,
16509,
16510,
16512,
16513,
16515,
16516,
16518,
16519,
16521,
16522,
16524,
16525,
16527,
16528,
16530,
16531,
16533,
16535,
16537,
17497,
18046,
18047,
18048,
18049,
18050,
18051,
18052,
18053,
18054,
18055,
18056,
18057,
18058,
18059,
18060,
18061,
18062,
18063,
18064,
18065,
18066,
18067,
18068,
18069,
18070,
18071,
18072,
18073,
18074,
18075,
18076,
18077,
18078,
18079,
18080,
18081,
18082,
18083,
18084,
18085,
18086,
18087,
18088,
18089,
18090,
18091,
18092,
18093,
18094,
18095,
18096,
18097,
18098,
18099,
18100,
18101,
18102,
18103,
18104,
18105,
18106,
18107,
18108,
18109,
18110,
18111,
18112,
18113,
18114,
18115,
18116,
18117,
18118,
18119,
18120,
18121,
18122,
18123,
18124,
18125,
18126,
18127,
18128,
18129,
18130,
18131,
18132,
18133,
18134,
18135,
18136,
18137,
18138,
18139,
18141,
18142,
18143,
18144,
18145,
18146,
18148,
18149,
18150,
18151,
18152,
18154,
18155,
18156,
18157,
18158,
18159,
18160,
18161,
18162,
18164,
18165,
18166,
18167,
18168,
18169,
18170,
18172,
18173,
18174,
18175,
18176,
18177,
18178,
18180,
18181,
18182,
18183,
18184,
18185,
18186,
18187,
18188,
18190,
18191,
18192,
18193,
18194,
18195,
18197,
18198,
18199,
18200,
18201,
18202,
18203,
18205,
18206,
18207,
18208,
18209,
18210,
18211,
18213,
18214,
18215,
18216,
18217,
18218,
18219,
18221,
18222,
18223,
18224,
18225,
18226,
18227,
18228,
18230,
18231,
18232,
18233,
18234,
18235,
18236,
18238,
18239,
18240,
18241,
18242,
18243,
18244,
18246,
18247,
18248,
18249,
18250,
18251,
18252,
18254,
18255,
18256,
18257,
18258,
18259,
18260,
18262,
18263,
18264,
18265,
18266,
18267,
18268,
18270,
18271,
18272,
18273,
18274,
18275,
18277,
18278,
18279,
18280,
18281,
18282,
18283,
18284,
18286,
18287,
18288,
18289,
18290,
18291,
18292,
18294,
18295,
18296,
18297,
18298,
18299,
18300,
18302,
18303,
18304,
18305,
18306,
18307,
18308,
18310,
18311,
18312,
18313,
18314,
18315,
18316,
18318,
18319,
18320,
18321,
18322,
18323,
18324,
18326,
18327,
18328,
18329,
18330,
18331,
18332,
18334,
18335,
18336,
18337,
18338,
18339,
18340,
18342,
18343,
18344,
18345,
18346,
18347,
18348,
18349,
18351,
18352,
18353,
18354,
18355,
18356,
18357,
18359,
18360,
18361,
18362,
18363,
18364,
18365,
18367,
18368,
18369,
18370,
18371,
18373,
18374,
18375,
18376,
18377,
18378,
18379,
18380,
18382,
18383,
18384,
18385,
18386,
18387,
18388,
18389,
18391,
18392,
18393,
18394,
18395,
18396,
18397,
18399,
18400,
18401,
18402,
18403,
18404,
18405,
18407,
18408,
18409,
18410,
18411,
18412,
18414,
18415,
18416,
18417,
18418,
18420,
18421,
18422,
18423,
18424,
18425,
18426,
18428,
18429,
18430,
18431,
18432,
18433,
18434,
18435,
18437,
18438,
18439,
18440,
18441,
18442,
18444,
18445,
18446,
18447,
18448,
18449,
18450,
18451,
18453,
18454,
18455,
18456,
18457,
18458,
18459,
18461,
18462,
18463,
18464,
18465,
18466,
18468,
18469,
18470,
18471,
18472,
18473,
18474,
18475,
18476,
18478,
18479,
18480,
18481,
18482,
18483,
18484,
18486,
18487,
18488,
18489,
18490,
18491,
18492,
18494,
18495,
18496,
18497,
18498,
18499,
18500,
18501,
18502,
18504,
18505,
18506,
18507,
18508,
18509,
18510,
18512,
18513,
18514,
18515,
18516,
18517,
18519,
18520,
18521,
18522,
18523,
18524,
18525,
18526,
18527,
18529,
18530,
18531,
18532,
18533,
18534,
18535,
18537,
18538,
18539,
18540,
18541,
18542,
18543,
18545,
18546,
18547,
18548,
18549,
18551,
18552,
18553,
18554,
18555,
18556,
18557,
18559,
18560,
18561,
18562,
18563,
18564,
18565,
18566,
18568,
18569,
18570,
18571,
18572,
18573,
18575,
18576,
18577,
18578,
18579,
18580,
18581,
18582,
18584,
18585,
18586,
18587,
18588,
18589,
18590,
18592,
18593,
18594,
18595,
18596,
18597,
18598,
18600,
18601,
18602,
18603,
18604,
18605,
18606,
18608,
18609,
18610,
18611,
18612,
18613,
18614,
18615,
18617,
18618,
18619,
18620,
18621,
18622,
18624,
18625,
18626,
18627,
18628,
18629,
18630,
18632,
18633,
18634,
18635,
18636,
18637,
18638,
18639,
18641,
18642,
18643,
18644,
18645,
18646,
18647,
18649,
18650,
18651,
18652,
18653,
18654,
18655,
18657,
18658,
18659,
18660,
18661,
18662,
18663,
18665,
18666,
18667,
18668,
18669,
18670,
18671,
18673,
18674,
18675,
18676,
18677,
18678,
18679,
18681,
18682,
18683,
18684,
18685,
18686,
18688,
18689,
18690,
18691,
18692,
18693,
18694,
18696,
18697,
18698,
18699,
18700,
18701,
18703,
18704,
18705,
18706,
18707,
18708,
18709,
18710,
18712,
18713,
18714,
18715,
18716,
18717,
18718,
18719,
18721,
18722,
18723,
18724,
18725,
18726,
18727,
18729,
18730,
18731,
18732,
18733,
18734,
18735,
18737,
18738,
18739,
18740,
18741,
18742,
18743,
18745,
18746,
18747,
18748,
18749,
18750,
18751,
18752,
18754,
18755,
18756,
18757,
18758,
18759,
18761,
18762,
18763,
18764,
18765,
18766,
18767,
18769,
18770,
18771,
18772,
18773,
18774,
18776,
18777,
18778,
18779,
18780,
18781,
18782,
18783,
18785,
18786,
18787,
18788,
18789,
18790,
18791,
18793,
18794,
18795,
18796,
18797,
18798,
18799,
18801,
18802,
18803,
18804,
18805,
18806,
18808,
18809,
18810,
18811,
18812,
18813,
18814,
18816,
18817,
18818,
18819,
18820,
18821,
18822,
18823,
18825,
18826,
18827,
18828,
18829,
18830,
18832,
18833,
18834,
18835,
18836,
18837,
18838,
18840,
18841,
18842,
18843,
18844,
18845,
18846,
18848,
18849,
18850,
18851,
18852,
18853,
18854,
18856,
18857,
18858,
18859,
18860,
18861,
18862,
18864,
18865,
18866,
18867,
18868,
18869,
18870,
18872,
18873,
18874,
18875,
18876,
18877,
18878,
18880,
18881,
18882,
18883,
18884,
18885,
18886,
18888,
18889,
18890,
18891,
18892,
18893,
18894,
18896,
18897,
18898,
18899,
18901,
18902,
18903,
18904,
18905,
18906,
18907,
18909,
18910,
18911,
18912,
18913,
18914,
18915,
18917,
18918,
18919,
18920,
18921,
18922,
18923,
18925,
18926,
18927,
18928,
18929,
18930,
18931,
18933,
18934,
18935,
18936,
18937,
18938,
18939,
18941,
18942,
18943,
18944,
18945,
18946,
18947,
18948,
18950,
18951,
18952,
18953,
18954,
18955,
18956,
18958,
18959,
18960,
18961,
18962,
18963,
18964,
18966,
18967,
18968,
18969,
18970,
18971,
18972,
18974,
18975,
18976,
18977,
18978,
18979,
18980,
18982,
18983,
18984,
18985,
18986,
18987,
18988,
18990,
18991,
18992,
18993,
18994,
18995,
18996,
18998,
18999,
19000,
19001,
19002,
19004,
19005,
19006,
19007,
19008,
19009,
19011,
19012,
19013,
19014,
19015,
19016,
19017,
19019,
19020,
19021,
19022,
19023,
19024,
19025,
19027,
19028,
19029,
19030,
19031,
19032,
19033,
19034,
19035,
19037,
19038,
19039,
19040,
19041,
19043,
19044,
19045,
19046,
19047,
19048,
19049,
19050,
19052,
19053,
19054,
19055,
19056,
19057,
19058,
19060,
19061,
19062,
19063,
19064,
19065,
19066,
19067,
19069,
19070,
19071,
19072,
19073,
19075,
19076,
19077,
19078,
19079,
19080,
19081,
19083,
19084,
19085,
19087,
19088,
19089,
19090,
19092,
19093,
19094,
19095,
19097,
19098,
19099,
19100,
19102,
19103,
19104,
19106,
19107,
19108,
19109,
19111,
19112,
19113,
19115,
19116,
19117,
19119,
19120,
19121,
19123,
19124,
19126,
19127,
19129,
19131,
19133,
19135,
19137,
19139,
19965,
19967,
19969,
19971,
19973,
19975,
19977,
19979,
19981,
19983,
19985,
19987,
19989,
19991,
19993,
19995,
19997,
19999,
20001,
20003,
20005,
20007,
20009,
20011,
20013,
20015,
20017,
20019,
20021,
20023,
20025,
20027,
20029,
20031,
20033,
20035,
20037,
20039,
20041,
20043,
20045,
20047,
20049,
20051,
20053,
20055,
20057,
20059,
20061,
20063,
20065,
20067,
20069,
20071,
20073,
20075,
20077,
20079,
20081,
20083,
20085,
20087,
20089,
20091,
20093,
20095,
20097,
20099,
20101,
20103,
20105,
20107,
20109,
20111,
20113,
20115,
20117,
20119,
20121,
20123,
20125,
20127,
20129,
20131,
20133,
20135,
20137,
20139,
20141,
20143,
20145,
20147,
20149,
20151,
20153,
20155,
20157,
20159,
20161,
20163,
20165,
20167,
20169,
20171,
20173,
20175,
20177,
20179,
20181,
20183,
20185,
20187,
20189,
20191,
20193,
20195,
20197,
20199,
20201,
20203,
20205,
20207,
20209,
20211,
20213,
20215,
20217,
20219,
20221,
20223,
20225,
20227,
20229,
20231,
20233,
20235,
20237,
21334,
21808,
21867,
21978,
257,
260,
263,
268,
273,
278,
322,
341,
346,
352,
358,
364,
370,
376,
382,
406,
412,
418,
424,
430,
436,
442,
448,
455,
478,
490,
496,
502,
508,
514,
520,
544,
556,
562,
7365,
7458,
7551,
7923,
8016,
8109,
8295,
9486,
9601,
9709,
9817,
235,
247,
262,
267,
277,
321,
340,
345,
351,
363,
369,
375,
381,
405,
411,
417,
423,
429,
435,
441,
447,
454,
489,
495,
501,
507,
519,
543,
561,
860,
862,
863,
864,
865,
868,
869,
870,
872,
873,
874,
875,
877,
878,
879,
880,
881,
882,
883,
884,
885,
889,
890,
891,
892,
894,
898,
900,
901,
905,
907,
908,
910,
916,
918,
920,
924,
926,
928,
929,
931,
932,
933,
934,
935,
936,
937,
938,
939,
943,
944,
945,
946,
948,
952,
954,
961,
966,
968,
970,
971,
976,
977,
978,
980,
981,
982,
983,
985,
986,
987,
988,
989,
990,
991,
992,
993,
997,
998,
999,
1000,
1001,
1004,
1005,
1006,
1008,
1011,
1012,
1016,
1017,
1019,
1021,
1025,
1027,
1029,
1031,
1034,
1036,
1038,
1040,
1042,
1044,
1045,
1046,
1047,
1051,
1052,
1053,
1054,
1056,
1060,
1062,
1270,
1274,
1276,
1279,
1281,
1287,
1289,
1290,
1292,
1296,
1298,
1299,
1301,
1303,
1304,
1306,
1307,
1313,
1315,
1316,
1318,
1319,
1321,
1322,
1325,
1326,
1327,
1328,
1329,
1330,
1331,
1332,
1333,
1338,
1341,
1343,
1344,
1345,
1347,
1348,
1350,
1351,
1354,
1355,
1357,
1360,
1363,
1370,
1377,
1380,
1385,
1389,
1393,
1400,
1416,
1425,
1562,
1564,
1565,
1566,
1567,
1570,
1571,
1572,
1574,
1576,
1577,
1578,
1579,
1580,
1581,
1582,
1584,
1585,
1586,
1589,
1590,
1591,
1592,
1593,
1594,
1595,
1597,
1598,
1599,
1600,
1601,
1602,
1603,
1608,
1611,
1613,
1614,
1615,
1617,
1619,
1621,
1622,
1623,
1625,
1626,
1628,
1630,
1632,
1633,
1634,
1637,
1639,
1648,
1649,
1653,
1654,
1656,
1657,
1658,
1662,
1666,
1668,
1672,
1673,
1676,
1677,
1682,
1685,
1690,
1692,
1695,
1696,
1699,
1702,
1704,
1705,
1710,
1715,
1718,
1720,
1723,
1724,
1728,
1730,
1735,
1740,
1745,
1751,
1754,
1755,
1757,
1760,
1762,
1768,
1769,
1771,
1775,
1776,
1777,
1778,
1781,
1783,
1784,
1787,
1788,
1789,
1792,
1794,
1797,
1800,
1805,
1808,
1809,
1812,
1815,
1816,
1819,
1821,
1824,
1825,
1830,
1836,
1841,
1842,
1843,
1847,
1848,
1851,
1853,
1854,
1857,
1859,
1863,
1867,
1870,
1871,
1873,
1877,
1878,
1882,
1884,
1887,
1890,
1891,
1892,
1895,
1896,
1897,
1899,
1900,
1903,
1904,
1908,
1913,
1919,
1924,
1928,
1930,
1931,
1933,
1936,
1941,
1942,
1943,
1947,
1948,
1955,
1957,
1960,
1965,
1973,
1974,
1977,
1979,
1984,
1987,
1994,
1998,
1999,
2004,
2008,
2009,
2014,
2018,
2019,
2022,
2024,
2028,
2031,
2032,
2037,
2038,
2042,
2043,
2045,
2047,
2048,
2051,
2052,
2055,
2057,
2058,
2063,
2064,
2065,
2066,
2069,
2070,
2071,
2072,
2076,
2077,
2079,
2081,
2082,
2083,
2086,
2087,
2091,
2092,
2093,
2095,
2097,
2098,
2099,
2100,
2101,
2103,
2104,
2105,
2107,
2109,
2111,
2113,
2115,
2116,
2119,
2120,
2123,
2124,
2125,
2128,
2129,
2130,
2131,
2132,
2135,
2136,
2137,
2138,
2139,
2142,
2143,
2146,
2147,
2149,
2150,
2153,
2154,
2158,
2159,
2160,
2161,
2164,
2165,
2167,
2168,
2171,
2172,
2174,
2175,
2177,
2178,
2180,
2182,
2186,
2188,
2190,
2192,
2194,
2195,
2198,
2200,
2202,
2205,
2206,
2207,
2208,
2209,
2212,
2215,
2216,
2217,
2219,
2223,
2224,
2226,
2229,
2231,
2235,
2236,
2238,
2240,
2243,
2244,
2249,
2250,
2251,
2252,
2255,
2258,
2262,
2264,
2266,
2268,
2269,
2272,
2273,
2276,
2277,
2279,
2280,
2282,
2287,
2297,
2299,
2300,
2304,
2310,
2311,
2316,
2318,
2325,
2327,
2341,
2348,
2370,
2373,
2375,
2377,
2378,
2379,
2380,
2381,
2382,
2384,
2387,
2389,
2390,
2391,
2392,
2394,
2396,
2397,
2398,
2399,
2401,
2402,
2403,
2404,
2405,
2407,
2408,
2409,
2410,
2412,
2413,
2414,
2416,
2419,
2420,
2421,
2422,
2423,
2424,
2425,
2426,
2427,
2428,
2429,
2430,
2432,
2433,
2435,
2436,
2437,
2438,
2439,
2441,
2442,
2443,
2444,
2445,
2447,
2449,
2450,
2451,
2452,
2454,
2455,
2456,
2459,
2460,
2461,
2463,
2466,
2468,
2469,
2471,
2472,
2473,
2475,
2476,
2477,
2478,
2480,
2481,
2482,
2483,
2484,
2485,
2487,
2488,
2489,
2491,
2493,
2494,
2496,
2497,
2498,
2500,
2503,
2504,
2505,
2506,
2507,
2508,
2509,
2510,
2512,
2516,
2517,
2519,
2521,
2522,
2525,
2527,
2528,
2530,
2532,
2533,
2534,
2536,
2539,
2541,
2542,
2543,
2544,
2545,
2547,
2548,
2549,
2551,
2555,
2558,
2559,
2562,
2565,
2567,
2573,
2574,
2575,
2578,
2580,
2582,
2585,
2586,
2587,
2588,
2592,
2593,
2600,
2601,
2602,
2603,
2606,
2608,
2609,
2614,
2616,
2620,
2621,
2622,
2626,
2627,
2630,
2631,
2632,
2633,
2636,
2639,
2641,
2642,
2646,
2647,
2653,
2654,
2659,
2662,
2667,
2669,
2673,
2674,
2677,
2678,
2681,
2682,
2686,
2689,
2690,
2694,
2698,
2701,
2702,
2704,
2712,
2714,
2719,
2720,
2723,
2724,
2727,
2728,
2732,
2738,
2740,
2742,
2746,
2754,
2756,
2758,
2761,
2764,
2765,
2771,
2774,
2777,
2779,
2782,
2786,
2789,
2792,
2795,
2807,
2809,
2811,
2813,
2817,
2824,
2829,
2834,
2840,
2843,
2846,
2849,
2858,
2861,
2864,
2870,
2871,
2872,
2873,
2875,
2876,
2877,
2878,
2880,
2881,
2884,
2886,
2888,
2896,
2898,
2900,
2902,
2906,
2914,
2918,
3020,
3022,
3023,
3024,
3025,
3027,
3030,
3031,
3032,
3033,
3034,
3035,
3037,
3038,
3040,
3042,
3043,
3044,
3045,
3047,
3049,
3050,
3051,
3052,
3053,
3054,
3055,
3056,
3057,
3058,
3060,
3061,
3062,
3063,
3064,
3065,
3068,
3070,
3071,
3072,
3073,
3074,
3075,
3076,
3077,
3078,
3080,
3082,
3083,
3085,
3088,
3091,
3093,
3095,
3096,
3098,
3100,
3101,
3102,
3103,
3106,
3108,
3112,
3115,
3119,
3120,
3122,
3127,
3128,
3131,
3134,
3137,
3140,
3142,
3144,
3146,
3148,
3157,
3158,
3159,
3160,
3162,
3166,
3168,
3182,
3184,
3185,
3186,
3187,
3190,
3191,
3192,
3194,
3195,
3196,
3197,
3199,
3200,
3201,
3202,
3203,
3204,
3205,
3206,
3207,
3211,
3212,
3213,
3214,
3216,
3220,
3222,
3236,
3238,
3239,
3240,
3241,
3244,
3245,
3246,
3248,
3249,
3250,
3251,
3253,
3254,
3255,
3256,
3257,
3258,
3259,
3260,
3261,
3265,
3266,
3267,
3268,
3270,
3274,
3276,
3481,
3485,
3487,
3489,
3491,
3497,
3499,
3501,
3505,
3507,
3509,
3511,
3515,
3517,
3519,
3521,
3523,
3525,
3528,
3530,
3531,
3535,
3536,
3537,
3538,
3540,
3544,
3546,
3614,
3616,
3617,
3618,
3619,
3622,
3623,
3624,
3626,
3627,
3628,
3629,
3631,
3632,
3633,
3634,
3635,
3636,
3637,
3638,
3639,
3643,
3644,
3645,
3646,
3648,
3652,
3654,
3776,
3777,
3781,
3783,
3784,
3785,
3786,
3789,
3790,
3791,
3792,
3793,
3794,
3795,
3796,
3798,
3799,
3800,
3801,
3802,
3804,
3805,
3806,
3809,
3810,
3812,
3813,
3814,
3815,
6130,
6134,
6136,
6138,
6139,
6142,
6143,
6144,
6146,
6147,
6148,
6149,
6151,
6152,
6153,
6154,
6155,
6156,
6157,
6158,
6159,
6163,
6164,
6165,
6166,
6168,
6172,
6174,
7364,
7381,
7383,
7385,
7432,
7449,
7457,
7474,
7476,
7478,
7525,
7542,
7550,
7567,
7569,
7571,
7618,
7635,
7922,
7939,
7941,
7943,
7990,
8007,
8015,
8032,
8034,
8036,
8083,
8100,
8108,
8125,
8127,
8129,
8176,
8193,
9485,
9502,
9505,
9586,
9600,
9617,
9620,
9700,
9708,
9725,
9728,
9808,
9816,
9833,
9836,
9916,
10344,
10347
);